1111111111111111111 111

1 111111 11111111161118191. ⁵ φρενοπληξ11684.
ἶὲἷὲῗὲἕξὶἳῗὲὲῌωη 1661.’1160’66111..1.
1161111111 4976 16111111 45061 dux 6111111111·
, 1116111114468.111111111111111111111111111 Nov. 96.
1111111611111 ΒΜ. Τ111161111111116111111 1111111111 1.
1111111161 660616111111661 16111 1111 ‚Mn
, τροπαιςφορεῖέοξῗὸ. Ξέωθξῦαὲῑθῒθέ (91137θὲαὲἷὲ
616666666611116604, 6077. 1111161111 6611111611 1111616111
11111 1161111111 5964. ἡγούμενος, 19 1111111111 1111111·
11111111161111118879.116π111. 1111111111111111 Ex·
666ῃ161161616666166.1666611661616ἔ666666661611ῗ6-
m 0106616616 746151, ὃ129707 8649, 6760 chsstxlsszghlgffealo'aw' ’,16
6666111111 4667. ' ξαὲἓαηνόν. 111111611ὴέ321
..1 mmm
66116111111417.06161 11 6116111111111111111111
6611116111111. Euphratem 1 1111 11111. vide
66111161116111406.1οα1111111 01 ton. 11.
6811611111476 80711564. Fun.
6611611111111050. 161111 5546.
661111611111409.1111116111 6716
6111116611 144511111111111 186.
611116116666174116.
61111111116111807
6111 1616616111.
1111111111 8676, 6517. 61111111111111 6168.
6111011611146685688. 1111111111 111111 6491.
111111116111111816.1111161111114778.

111811161114 4. 6161161411111 8646, 6601, 6078

11111611116189, 8589, 6789. 111111161111111 1618.

91111116111 1167111111111111111 611.
1111111111 1111111 1118, 6141. 1111611111111711.

1111111111118770. moriturae 1860
{aava ·

11116111111 1611, 6114. 1111111 1870.
‘9⁸'W0W02105-WW9400
1111611111 6174. 1111111111 140681
mm& {mm 6101111.
111111161118011. 1111111111 410.
111111611111111 6046. 1111161111 4646

11111111111111 1664. 6111111111 660, 1169, 8116, 6660.

§Kaous 8110, 6591, 6611. 1111611111 5806.
φ6111116μια1166611 616 6611666666 615161. m 6¹²6

1611111 81941 vua 0111116111 ad mmmm 6111

wodanum. 16111 Eub. 1111111- χρησμοοοηρα 8611.

1111111110 6. Fut. 1111111111111 11981860
11166111111446 mammo 1668.
0666676ἓὲ1 ww
66161111γῆ1 6066, 6674. 66616111111 80661116161111111111
1111111111667416 01611111118111.

 

